lehrmittel/geodata_analysis_with_qgis/raster_data_analysis_with_qgis/raster_data_analysis_with_qgis_chamois_data/dhm_rimini.txt
ncols         735
nrows         826
xllcorner     698989
yllcorner     189514
cellsize      100
NODATA_value  -9999
[rows 507 to 545 of 826, columns 623 to 711 of 735]
1348 1291 1247 1255 1284 1327 1378 1437 1506 1581 1655 1726 1792 1846 1889 1914 1924 1938 1967 1988 2005 2025 2019 1954 1879 1838 1812 1789 1781 1772 1756 1736 1718 1706 1701 1704 1711 1721 1720 1721 1726 1734 1752 1784 1822 1873 1931 1981 2052 -9999 -9999 -9999 -9999 -9999 -9999 -9999 -9999 -9999 -9999 -9999 -9999 -9999 -9999 -9999 -9999 -9999 -9999 -9999 -9999 -9999 -9999 -9999 -9999 -9999 -9999 -9999 -9999 -9999 -9999 -9999 -9999 -9999 -9999 -9999 -9999 -9999 -9999 -9999 -9999
1369 1310 1261 1263 1287 1330 1383 1442 1518 1600 1678 1750 1816 1859 1890 1901 1898 1897 1925 1948 1972 2008 2020 1960 1889 1856 1839 1824 1817 1810 1792 1770 1751 1742 1739 1741 1751 1761 1757 1755 1758 1767 1787 1821 1859 1907 1959 1999 -9999 -9999 -9999 -9999 -9999 -9999 -9999 -9999 -9999 -9999 -9999 -9999 -9999 -9999 -9999 -9999 -9999 -9999 -9999 -9999 -9999 -9999 -9999 -9999 -9999 -9999 -9999 -9999 -9999 -9999 -9999 -9999 -9999 -9999 -9999 -9999 -9999 -9999 -9999 -9999 -9999
1400 1328 1267 1266 1288 1327 1377 1436 1513 1598 1678 1750 1815 1850 1869 1869 1851 1839 1871 1908 1935 1958 1964 1929 1889 1873 1879 1884 1874 1859 1838 1810 1788 1777 1772 1776 1791 1803 1795 1787 1793 1813 1843 1880 1919 1965 2008 2035 -9999 -9999 -9999 -9999 -9999 -9999 -9999 -9999 -9999 -9999 -9999 -9999 -9999 -9999 -9999 -9999 -9999 -9999 -9999 -9999 -9999 -9999 -9999 -9999 -9999 -9999 -9999 -9999 -9999 -9999 -9999 -9999 -9999 -9999 -9999 -9999 -9999 -9999 -9999 -9999 -9999
1426 1346 1275 1268 1286 1318 1364 1423 1499 1584 1665 1736 1798 1828 1840 1831 1802 1778 1809 1854 1889 1904 1910 1894 1874 1869 1895 1922 1910 1891 1868 1837 1810 1800 1795 1801 1821 1836 1826 1815 1824 1856 1895 1937 1980 2020 2055 -9999 -9999 -9999 -9999 -9999 -9999 -9999 -9999 -9999 -9999 -9999 -9999 -9999 -9999 -9999 -9999 -9999 -9999 -9999 -9999 -9999 -9999 -9999 -9999 -9999 -9999 -9999 -9999 -9999 -9999 -9999 -9999 -9999 -9999 -9999 -9999 -9999 -9999 -9999 -9999 -9999 -9999
1443 1364 1288 1274 1285 1309 1348 1400 1467 1543 1621 1698 1764 1796 1809 1800 1771 1746 1772 1808 1836 1849 1853 1839 1824 1824 1850 1874 1866 1852 1834 1812 1795 1791 1791 1799 1812 1824 1818 1815 1832 1872 1920 1978 2037 2084 -9999 -9999 -9999 -9999 -9999 -9999 -9999 -9999 -9999 -9999 -9999 -9999 -9999 -9999 -9999 -9999 -9999 -9999 -9999 -9999 -9999 -9999 -9999 -9999 -9999 -9999 -9999 -9999 -9999 -9999 -9999 -9999 -9999 -9999 -9999 -9999 -9999 -9999 -9999 -9999 -9999 -9999 -9999
1462 1381 1299 1280 1284 1301 1330 1374 1430 1493 1569 1651 1722 1759 1776 1767 1740 1717 1735 1761 1783 1791 1793 1779 1765 1767 1787 1806 1802 1794 1782 1772 1767 1770 1779 1789 1796 1803 1804 1808 1832 1880 1935 2010 2091 2145 -9999 -9999 -9999 -9999 -9999 -9999 -9999 -9999 -9999 -9999 -9999 -9999 -9999 -9999 -9999 -9999 -9999 -9999 -9999 -9999 -9999 -9999 -9999 -9999 -9999 -9999 -9999 -9999 -9999 -9999 -9999 -9999 -9999 -9999 -9999 -9999 -9999 -9999 -9999 -9999 -9999 -9999 -9999
1476 1399 1315 1288 1283 1290 1312 1349 1395 1450 1524 1608 1681 1718 1736 1726 1699 1679 1692 1715 1731 1736 1736 1724 1713 1718 1736 1751 1749 1742 1734 1733 1735 1748 1765 1781 1789 1800 1806 1815 1840 1889 1947 2034 2122 2184 -9999 -9999 -9999 -9999 -9999 -9999 -9999 -9999 -9999 -9999 -9999 -9999 -9999 -9999 -9999 -9999 -9999 -9999 -9999 -9999 -9999 -9999 -9999 -9999 -9999 -9999 -9999 -9999 -9999 -9999 -9999 -9999 -9999 -9999 -9999 -9999 -9999 -9999 -9999 -9999 -9999 -9999 -9999
1485 1419 1342 1303 1280 1278 1296 1327 1365 1412 1483 1568 1641 1676 1690 1680 1654 1633 1645 1664 1679 1685 1687 1681 1676 1682 1700 1716 1709 1697 1693 1702 1712 1734 1760 1782 1799 1817 1827 1838 1862 1905 1960 2043 2123 2188 -9999 -9999 -9999 -9999 -9999 -9999 -9999 -9999 -9999 -9999 -9999 -9999 -9999 -9999 -9999 -9999 -9999 -9999 -9999 -9999 -9999 -9999 -9999 -9999 -9999 -9999 -9999 -9999 -9999 -9999 -9999 -9999 -9999 -9999 -9999 -9999 -9999 -9999 -9999 -9999 -9999 -9999 -9999
1498 1440 1368 1320 1284 1273 1286 1309 1338 1377 1442 1525 1599 1627 1638 1629 1604 1583 1593 1611 1625 1633 1639 1640 1640 1649 1668 1685 1677 1662 1664 1682 1700 1729 1762 1790 1812 1836 1851 1865 1891 1930 1978 2054 2123 2188 -9999 -9999 -9999 -9999 -9999 -9999 -9999 -9999 -9999 -9999 -9999 -9999 -9999 -9999 -9999 -9999 -9999 -9999 -9999 -9999 -9999 -9999 -9999 -9999 -9999 -9999 -9999 -9999 -9999 -9999 -9999 -9999 -9999 -9999 -9999 -9999 -9999 -9999 -9999 -9999 -9999 -9999 -9999
1514 1464 1398 1347 1305 1285 1286 1297 1317 1348 1403 1477 1542 1561 1564 1555 1535 1518 1526 1541 1556 1570 1583 1595 1607 1622 1640 1660 1664 1664 1673 1688 1703 1735 1771 1800 1830 1861 1889 1916 1947 1971 2002 2082 2160 2204 -9999 -9999 -9999 -9999 -9999 -9999 -9999 -9999 -9999 -9999 -9999 -9999 -9999 -9999 -9999 -9999 -9999 -9999 -9999 -9999 -9999 -9999 -9999 -9999 -9999 -9999 -9999 -9999 -9999 -9999 -9999 -9999 -9999 -9999 -9999 -9999 -9999 -9999 -9999 -9999 -9999 -9999 -9999
1530 1491 1431 1378 1330 1301 1290 1291 1301 1322 1367 1432 1489 1497 1490 1481 1469 1458 1465 1475 1490 1509 1527 1550 1578 1597 1613 1634 1653 1674 1690 1699 1711 1743 1779 1811 1846 1886 1929 1975 2009 2013 2023 2111 2203 2228 -9999 -9999 -9999 -9999 -9999 -9999 -9999 -9999 -9999 -9999 -9999 -9999 -9999 -9999 -9999 -9999 -9999 -9999 -9999 -9999 -9999 -9999 -9999 -9999 -9999 -9999 -9999 -9999 -9999 -9999 -9999 -9999 -9999 -9999 -9999 -9999 -9999 -9999 -9999 -9999 -9999 -9999 -9999
1548 1513 1454 1401 1352 1320 1300 1291 1292 1304 1336 1388 1436 1440 1432 1429 1426 1423 1428 1434 1445 1463 1481 1506 1535 1558 1576 1598 1630 1664 1691 1705 1724 1752 1784 1817 1856 1900 1961 2023 2062 2066 2077 2142 2214 -9999 -9999 -9999 -9999 -9999 -9999 -9999 -9999 -9999 -9999 -9999 -9999 -9999 -9999 -9999 -9999 -9999 -9999 -9999 -9999 -9999 -9999 -9999 -9999 -9999 -9999 -9999 -9999 -9999 -9999 -9999 -9999 -9999 -9999 -9999 -9999 -9999 -9999 -9999 -9999 -9999 -9999 -9999 -9999
1560 1526 1467 1420 1378 1344 1312 1292 1290 1300 1319 1350 1382 1390 1393 1401 1413 1421 1424 1423 1427 1438 1450 1466 1483 1503 1524 1549 1593 1644 1683 1710 1738 1758 1777 1806 1845 1891 1973 2061 2112 2139 2166 2186 -9999 -9999 -9999 -9999 -9999 -9999 -9999 -9999 -9999 -9999 -9999 -9999 -9999 -9999 -9999 -9999 -9999 -9999 -9999 -9999 -9999 -9999 -9999 -9999 -9999 -9999 -9999 -9999 -9999 -9999 -9999 -9999 -9999 -9999 -9999 -9999 -9999 -9999 -9999 -9999 -9999 -9999 -9999 -9999 -9999
1569 1537 1480 1440 1403 1366 1326 1297 1292 1299 1311 1324 1343 1357 1372 1393 1420 1444 1443 1436 1432 1435 1440 1444 1449 1462 1481 1505 1560 1624 1672 1705 1738 1752 1764 1790 1826 1873 1970 2076 2138 2181 2218 2213 -9999 -9999 -9999 -9999 -9999 -9999 -9999 -9999 -9999 -9999 -9999 -9999 -9999 -9999 -9999 -9999 -9999 -9999 -9999 -9999 -9999 -9999 -9999 -9999 -9999 -9999 -9999 -9999 -9999 -9999 -9999 -9999 -9999 -9999 -9999 -9999 -9999 -9999 -9999 -9999 -9999 -9999 -9999 -9999 -9999
1576 1539 1481 1443 1408 1373 1344 1322 1306 1300 1303 1312 1329 1351 1379 1421 1470 1511 1510 1496 1483 1475 1468 1463 1459 1461 1471 1488 1533 1587 1634 1683 1728 1741 1749 1774 1806 1846 1925 2010 2067 2112 2155 2180 -9999 -9999 -9999 -9999 -9999 -9999 -9999 -9999 -9999 -9999 -9999 -9999 -9999 -9999 -9999 -9999 -9999 -9999 -9999 -9999 -9999 -9999 -9999 -9999 -9999 -9999 -9999 -9999 -9999 -9999 -9999 -9999 -9999 -9999 -9999 -9999 -9999 -9999 -9999 -9999 -9999 -9999 -9999 -9999 -9999
1586 1544 1482 1449 1414 1383 1369 1356 1328 1305 1300 1307 1323 1354 1399 1459 1535 1596 1594 1573 1552 1534 1515 1501 1488 1480 1477 1484 1513 1547 1592 1658 1716 1726 1730 1751 1781 1816 1869 1922 1972 2016 2058 2123 2184 -9999 -9999 -9999 -9999 -9999 -9999 -9999 -9999 -9999 -9999 -9999 -9999 -9999 -9999 -9999 -9999 -9999 -9999 -9999 -9999 -9999 -9999 -9999 -9999 -9999 -9999 -9999 -9999 -9999 -9999 -9999 -9999 -9999 -9999 -9999 -9999 -9999 -9999 -9999 -9999 -9999 -9999 -9999 -9999
1603 1568 1517 1485 1450 1417 1400 1383 1349 1319 1307 1309 1321 1358 1412 1492 1587 1669 1672 1650 1625 1602 1576 1551 1529 1510 1498 1498 1511 1531 1567 1628 1680 1695 1703 1722 1748 1781 1814 1851 1902 1949 1989 2063 2134 2155 2155 2154 2132 2105 -9999 -9999 -9999 -9999 -9999 -9999 -9999 -9999 -9999 -9999 -9999 -9999 -9999 -9999 -9999 -9999 -9999 -9999 -9999 -9999 -9999 -9999 -9999 -9999 -9999 -9999 -9999 -9999 -9999 -9999 -9999 -9999 -9999 -9999 -9999 -9999 -9999 -9999 -9999
1622 1616 1586 1552 1512 1471 1435 1402 1367 1337 1319 1313 1322 1358 1416 1509 1627 1727 1737 1717 1693 1674 1649 1612 1578 1552 1535 1528 1528 1534 1554 1586 1618 1648 1679 1702 1726 1756 1777 1802 1850 1900 1942 2001 2048 2062 2055 2049 2042 -9999 -9999 -9999 -9999 -9999 -9999 -9999 -9999 -9999 -9999 -9999 -9999 -9999 -9999 -9999 -9999 -9999 -9999 -9999 -9999 -9999 -9999 -9999 -9999 -9999 -9999 -9999 -9999 -9999 -9999 -9999 -9999 -9999 -9999 -9999 -9999 -9999 -9999 -9999 -9999
1643 1658 1647 1612 1569 1524 1473 1426 1388 1355 1329 1316 1322 1359 1421 1524 1658 1776 1795 1779 1759 1743 1716 1671 1627 1596 1575 1560 1547 1541 1548 1557 1572 1611 1655 1684 1708 1736 1753 1771 1806 1856 1904 1942 1970 1978 1962 1939 1939 -9999 -9999 -9999 -9999 -9999 -9999 -9999 -9999 -9999 -9999 -9999 -9999 -9999 -9999 -9999 -9999 -9999 -9999 -9999 -9999 -9999 -9999 -9999 -9999 -9999 -9999 -9999 -9999 -9999 -9999 -9999 -9999 -9999 -9999 -9999 -9999 -9999 -9999 -9999 -9999
1645 1673 1675 1642 1595 1546 1497 1450 1409 1372 1342 1323 1326 1362 1426 1534 1687 1823 1853 1844 1826 1797 1752 1701 1652 1619 1604 1593 1576 1562 1559 1560 1566 1595 1631 1658 1685 1718 1743 1771 1814 1874 1927 1943 1943 1935 1914 1885 1878 1873 1858 -9999 -9999 -9999 -9999 -9999 -9999 -9999 -9999 -9999 -9999 -9999 -9999 -9999 -9999 -9999 -9999 -9999 -9999 -9999 -9999 -9999 -9999 -9999 -9999 -9999 -9999 -9999 -9999 -9999 -9999 -9999 -9999 -9999 -9999 -9999 -9999 -9999 -9999
1637 1679 1693 1662 1612 1562 1517 1472 1429 1390 1355 1329 1326 1358 1418 1530 1704 1860 1898 1896 1881 1838 1780 1724 1669 1637 1632 1629 1609 1589 1579 1573 1572 1589 1613 1638 1667 1701 1736 1777 1830 1907 1970 1960 1925 1903 1882 1851 1833 1814 1787 1746 -9999 -9999 -9999 -9999 -9999 -9999 -9999 -9999 -9999 -9999 -9999 -9999 -9999 -9999 -9999 -9999 -9999 -9999 -9999 -9999 -9999 -9999 -9999 -9999 -9999 -9999 -9999 -9999 -9999 -9999 -9999 -9999 -9999 -9999 -9999 -9999 -9999
1622 1677 1705 1680 1631 1581 1537 1492 1448 1406 1368 1336 1325 1349 1402 1510 1677 1827 1886 1908 1907 1867 1813 1755 1698 1662 1658 1658 1640 1621 1605 1591 1583 1591 1607 1631 1660 1692 1731 1776 1832 1908 1973 1958 1918 1888 1862 1826 1800 1774 1736 1686 -9999 -9999 -9999 -9999 -9999 -9999 -9999 -9999 -9999 -9999 -9999 -9999 -9999 -9999 -9999 -9999 -9999 -9999 -9999 -9999 -9999 -9999 -9999 -9999 -9999 -9999 -9999 -9999 -9999 -9999 -9999 -9999 -9999 -9999 -9999 -9999 -9999
1595 1672 1718 1698 1653 1605 1561 1515 1468 1424 1381 1344 1327 1343 1387 1476 1594 1712 1815 1898 1923 1891 1843 1789 1734 1695 1686 1682 1668 1654 1637 1617 1601 1599 1603 1623 1656 1691 1728 1770 1820 1877 1927 1931 1916 1891 1855 1813 1782 1749 1708 1660 1614 -9999 -9999 -9999 -9999 -9999 -9999 -9999 -9999 -9999 -9999 -9999 -9999 -9999 -9999 -9999 -9999 -9999 -9999 -9999 -9999 -9999 -9999 -9999 -9999 -9999 -9999 -9999 -9999 -9999 -9999 -9999 -9999 -9999 -9999 -9999 -9999
1578 1674 1737 1721 1677 1629 1585 1540 1490 1443 1395 1353 1326 1331 1366 1436 1518 1611 1752 1881 1929 1907 1869 1817 1765 1728 1714 1709 1698 1687 1668 1643 1622 1610 1604 1617 1650 1686 1716 1754 1802 1848 1885 1905 1910 1891 1853 1815 1781 1743 1699 1654 1609 1574 -9999 -9999 -9999 -9999 -9999 -9999 -9999 -9999 -9999 -9999 -9999 -9999 -9999 -9999 -9999 -9999 -9999 -9999 -9999 -9999 -9999 -9999 -9999 -9999 -9999 -9999 -9999 -9999 -9999 -9999 -9999 -9999 -9999 -9999 -9999
1608 1703 1767 1754 1711 1662 1614 1563 1511 1459 1408 1360 1328 1332 1363 1424 1499 1590 1724 1852 1919 1928 1912 1861 1802 1757 1735 1723 1717 1711 1695 1668 1644 1625 1612 1614 1634 1658 1683 1716 1762 1809 1851 1881 1900 1895 1866 1831 1795 1755 1708 1661 1618 1584 -9999 -9999 -9999 -9999 -9999 -9999 -9999 -9999 -9999 -9999 -9999 -9999 -9999 -9999 -9999 -9999 -9999 -9999 -9999 -9999 -9999 -9999 -9999 -9999 -9999 -9999 -9999 -9999 -9999 -9999 -9999 -9999 -9999 -9999 -9999
1649 1740 1802 1791 1748 1696 1643 1588 1532 1477 1422 1368 1330 1336 1369 1423 1491 1579 1704 1823 1905 1948 1956 1902 1836 1784 1750 1731 1732 1736 1723 1695 1668 1643 1623 1615 1620 1630 1651 1679 1722 1771 1817 1860 1897 1906 1884 1854 1820 1780 1733 1684 1639 1608 1579 -9999 -9999 -9999 -9999 -9999 -9999 -9999 -9999 -9999 -9999 -9999 -9999 -9999 -9999 -9999 -9999 -9999 -9999 -9999 -9999 -9999 -9999 -9999 -9999 -9999 -9999 -9999 -9999 -9999 -9999 -9999 -9999 -9999 -9999
1680 1771 1838 1825 1782 1727 1671 1612 1555 1498 1441 1384 1344 1347 1375 1417 1477 1562 1686 1807 1898 1955 1975 1924 1857 1807 1772 1742 1747 1755 1745 1719 1695 1668 1645 1631 1624 1624 1639 1661 1696 1743 1791 1842 1889 1914 1909 1893 1859 1817 1773 1728 1688 1655 1623 -9999 -9999 -9999 -9999 -9999 -9999 -9999 -9999 -9999 -9999 -9999 -9999 -9999 -9999 -9999 -9999 -9999 -9999 -9999 -9999 -9999 -9999 -9999 -9999 -9999 -9999 -9999 -9999 -9999 -9999 -9999 -9999 -9999 -9999
1702 1798 1870 1854 1807 1752 1695 1636 1578 1522 1464 1409 1368 1359 1373 1406 1463 1544 1667 1792 1886 1954 1987 1936 1860 1815 1786 1758 1763 1773 1765 1745 1726 1703 1682 1664 1646 1636 1643 1659 1688 1729 1775 1824 1870 1909 1942 1955 1914 1858 1815 1789 1760 1720 1676 -9999 -9999 -9999 -9999 -9999 -9999 -9999 -9999 -9999 -9999 -9999 -9999 -9999 -9999 -9999 -9999 -9999 -9999 -9999 -9999 -9999 -9999 -9999 -9999 -9999 -9999 -9999 -9999 -9999 -9999 -9999 -9999 -9999 -9999
1727 1823 1895 1880 1833 1778 1722 1660 1603 1548 1490 1434 1392 1372 1373 1399 1449 1523 1639 1763 1865 1945 1991 1946 1869 1824 1805 1787 1788 1795 1789 1772 1756 1739 1720 1699 1673 1654 1652 1661 1684 1719 1763 1810 1855 1906 1968 2004 1962 1898 1858 1843 1821 1776 1725 -9999 -9999 -9999 -9999 -9999 -9999 -9999 -9999 -9999 -9999 -9999 -9999 -9999 -9999 -9999 -9999 -9999 -9999 -9999 -9999 -9999 -9999 -9999 -9999 -9999 -9999 -9999 -9999 -9999 -9999 -9999 -9999 -9999 -9999
1762 1851 1919 1908 1866 1815 1757 1690 1634 1579 1522 1466 1421 1390 1375 1388 1429 1492 1599 1715 1814 1890 1943 1943 1921 1905 1885 1861 1843 1826 1802 1783 1770 1759 1748 1728 1698 1670 1661 1664 1681 1711 1751 1794 1840 1894 1959 2003 1971 1916 1877 1860 1835 1794 1747 -9999 -9999 -9999 -9999 -9999 -9999 -9999 -9999 -9999 -9999 -9999 -9999 -9999 -9999 -9999 -9999 -9999 -9999 -9999 -9999 -9999 -9999 -9999 -9999 -9999 -9999 -9999 -9999 -9999 -9999 -9999 -9999 -9999 -9999
1783 1865 1930 1925 1890 1844 1786 1718 1662 1608 1553 1499 1453 1409 1377 1377 1409 1462 1557 1662 1757 1823 1875 1931 1985 1994 1968 1939 1899 1853 1816 1793 1779 1779 1778 1759 1724 1689 1674 1671 1683 1708 1744 1783 1827 1883 1949 1997 1975 1927 1889 1869 1841 1803 1761 -9999 -9999 -9999 -9999 -9999 -9999 -9999 -9999 -9999 -9999 -9999 -9999 -9999 -9999 -9999 -9999 -9999 -9999 -9999 -9999 -9999 -9999 -9999 -9999 -9999 -9999 -9999 -9999 -9999 -9999 -9999 -9999 -9999 -9999
1764 1839 1898 1909 1890 1856 1801 1736 1681 1628 1575 1524 1481 1433 1393 1381 1400 1440 1521 1616 1708 1776 1832 1914 1994 2025 2013 1998 1943 1880 1835 1812 1797 1805 1812 1796 1757 1719 1696 1686 1691 1714 1746 1781 1823 1889 1962 2014 1999 1957 1915 1885 1854 1813 1769 -9999 -9999 -9999 -9999 -9999 -9999 -9999 -9999 -9999 -9999 -9999 -9999 -9999 -9999 -9999 -9999 -9999 -9999 -9999 -9999 -9999 -9999 -9999 -9999 -9999 -9999 -9999 -9999 -9999 -9999 -9999 -9999 -9999 -9999
1705 1762 1812 1854 1877 1860 1805 1740 1688 1638 1587 1544 1506 1461 1424 1403 1403 1426 1494 1577 1664 1740 1809 1885 1952 1999 2034 2047 1979 1896 1846 1829 1821 1839 1856 1842 1799 1755 1724 1703 1704 1728 1762 1794 1834 1904 1984 2041 2042 2020 1973 1911 1857 1817 1776 -9999 -9999 -9999 -9999 -9999 -9999 -9999 -9999 -9999 -9999 -9999 -9999 -9999 -9999 -9999 -9999 -9999 -9999 -9999 -9999 -9999 -9999 -9999 -9999 -9999 -9999 -9999 -9999 -9999 -9999 -9999 -9999 -9999 -9999
1632 1678 1728 1796 1854 1857 1805 1743 1694 1647 1601 1564 1531 1489 1454 1425 1409 1416 1471 1543 1621 1700 1778 1848 1909 1974 2042 2075 2001 1907 1855 1845 1846 1872 1899 1890 1843 1793 1755 1726 1721 1745 1780 1809 1849 1922 2007 2069 2080 2072 2018 1931 1857 1817 1779 -9999 -9999 -9999 -9999 -9999 -9999 -9999 -9999 -9999 -9999 -9999 -9999 -9999 -9999 -9999 -9999 -9999 -9999 -9999 -9999 -9999 -9999 -9999 -9999 -9999 -9999 -9999 -9999 -9999 -9999 -9999 -9999 -9999 -9999
1576 1630 1686 1763 1828 1844 1813 1771 1721 1667 1620 1586 1552 1511 1473 1437 1408 1405 1450 1513 1583 1657 1731 1808 1879 1952 2022 2058 1994 1911 1870 1865 1869 1896 1922 1911 1872 1832 1789 1753 1740 1755 1779 1810 1853 1930 2023 2091 2080 2043 1985 1916 1853 1813 1775 -9999 -9999 -9999 -9999 -9999 -9999 -9999 -9999 -9999 -9999 -9999 -9999 -9999 -9999 -9999 -9999 -9999 -9999 -9999 -9999 -9999 -9999 -9999 -9999 -9999 -9999 -9999 -9999 -9999 -9999 -9999 -9999 -9999 -9999
1529 1591 1656 1736 1807 1837 1829 1804 1751 1686 1638 1608 1575 1534 1495 1452 1410 1396 1431 1485 1550 1622 1693 1773 1852 1930 2000 2041 1990 1920 1887 1889 1897 1924 1947 1938 1907 1875 1827 1783 1764 1768 1784 1814 1859 1938 2043 2118 2078 2000 1935 1892 1847 1807 1769 -9999 -9999 -9999 -9999 -9999 -9999 -9999 -9999 -9999 -9999 -9999 -9999 -9999 -9999 -9999 -9999 -9999 -9999 -9999 -9999 -9999 -9999 -9999 -9999 -9999 -9999 -9999 -9999 -9999 -9999 -9999 -9999 -9999 -9999
1496 1559 1625 1708 1785 1828 1837 1824 1776 1714 1667 1634 1596 1552 1509 1462 1415 1394 1425 1477 1543 1612 1685 1763 1842 1922 1999 2049 2013 1958 1935 1944 1961 1975 1987 1974 1948 1916 1870 1828 1806 1803 1814 1847 1891 1961 2062 2134 2081 1990 1923 1882 1835 1797 1758 -9999 -9999 -9999 -9999 -9999 -9999 -9999 -9999 -9999 -9999 -9999 -9999 -9999 -9999 -9999 -9999 -9999 -9999 -9999 -9999 -9999 -9999 -9999 -9999 -9999 -9999 -9999 -9999 -9999 -9999 -9999 -9999 -9999 -9999
1481 1542 1607 1685 1756 1808 1839 1844 1808 1756 1709 1663 1614 1563 1514 1464 1419 1397 1435 1500 1566 1625 1693 1771 1847 1928 2012 2070 2053 2023 2015 2037 2061 2050 2027 2006 1983 1954 1922 1894 1873 1859 1863 1897 1942 2005 2093 2153 2095 2005 1935 1883 1830 1786 -9999 -9999 -9999 -9999 -9999 -9999 -9999 -9999 -9999 -9999 -9999 -9999 -9999 -9999 -9999 -9999 -9999 -9999 -9999 -9999 -9999 -9999 -9999 -9999 -9999 -9999 -9999 -9999 -9999 -9999 -9999 -9999 -9999 -9999 -9999
1489 1548 1610 1683 1748 1806 1854 1873 1845 1801 1752 1697 1641 1583 1528 1473 1426 1403 1445 1519 1583 1633 1698 1775 1850 1932 2019 2081 2082 2072 2079 2111 2142 2111 2066 2040 2022 1996 1976 1961 1942 1921 1919 1949 1990 2050 2126 2174 2109 2017 1942 1886 1834 1782 -9999 -9999 -9999 -9999 -9999 -9999 -9999 -9999 -9999 -9999 -9999 -9999 -9999 -9999 -9999 -9999 -9999 -9999 -9999 -9999 -9999 -9999 -9999 -9999 -9999 -9999 -9999 -9999 -9999 -9999 -9999 -9999 -9999 -9999 -9999
