lehrmittel/geodata_analysis_with_qgis/raster_data_analysis_with_qgis/raster_data_analysis_with_qgis_chamois_data/dhm_rimini.txt
ncols         735
nrows         826
xllcorner     698989
yllcorner     189514
cellsize      100
NODATA_value  -9999
[rows 741 to 779 of 826, columns 445 to 533 of 735]
1879 1910 1957 1987 2001 2006 1977 1942 1924 1925 1934 1955 1979 1988 1974 1950 1922 1888 1840 1790 1751 1714 1687 1692 1724 1743 1721 1687 1637 1570 1514 1475 1437 1397 1355 1315 1297 1296 1327 1393 1455 1462 1451 1442 1445 1441 1432 1427 1438 1454 1469 1478 1480 1463 1421 1376 1338 1303 1274 1262 1259 1262 1274 1290 1303 1315 1316 1309 1286 1259 1237 1237 1242 1247 1243 1237 1244 1252 1262 1267 1276 1313 1345 1344 1318 1280 1229 1175 1126
1972 1987 2007 2034 2059 2070 2045 2015 1997 2000 2011 2017 2021 2031 2036 2025 1995 1956 1903 1838 1787 1761 1750 1762 1796 1819 1790 1745 1702 1669 1635 1602 1569 1505 1402 1312 1273 1258 1270 1291 1315 1329 1329 1321 1330 1335 1334 1341 1349 1348 1353 1368 1378 1371 1349 1322 1293 1265 1243 1235 1234 1224 1217 1234 1272 1299 1289 1268 1236 1191 1156 1157 1166 1173 1176 1175 1183 1194 1199 1195 1200 1235 1267 1271 1253 1224 1177 1126 1082
2034 2045 2060 2089 2117 2126 2101 2070 2049 2050 2063 2070 2073 2087 2100 2093 2060 2018 1966 1900 1847 1826 1821 1835 1869 1895 1865 1819 1783 1764 1740 1715 1684 1608 1480 1367 1317 1293 1299 1312 1324 1317 1302 1284 1284 1284 1278 1279 1277 1273 1280 1298 1312 1312 1302 1285 1263 1242 1225 1215 1212 1200 1189 1203 1243 1269 1254 1228 1196 1150 1111 1113 1121 1125 1129 1132 1137 1143 1142 1135 1133 1164 1194 1202 1187 1163 1123 1079 1041
2080 2095 2110 2140 2169 2178 2148 2111 2087 2081 2091 2108 2125 2145 2168 2166 2127 2077 2024 1968 1926 1907 1904 1919 1947 1966 1935 1890 1859 1846 1828 1814 1789 1712 1579 1462 1413 1393 1404 1448 1477 1434 1376 1335 1304 1279 1259 1243 1235 1240 1254 1268 1280 1284 1286 1278 1260 1242 1224 1206 1195 1187 1184 1194 1221 1239 1223 1196 1168 1133 1102 1104 1112 1114 1114 1115 1107 1095 1090 1089 1089 1111 1133 1138 1121 1097 1067 1035 1005
2134 2152 2166 2192 2222 2237 2199 2156 2130 2122 2125 2154 2179 2201 2225 2231 2182 2126 2072 2025 1988 1976 1976 1995 2020 2033 1999 1953 1924 1917 1912 1907 1891 1812 1677 1559 1524 1512 1532 1593 1632 1561 1475 1415 1361 1313 1281 1252 1237 1246 1258 1269 1279 1289 1298 1297 1282 1265 1246 1223 1204 1197 1197 1207 1225 1239 1224 1198 1169 1144 1123 1124 1133 1135 1131 1127 1109 1082 1069 1070 1068 1077 1090 1090 1069 1045 1022 1000 976
2200 2234 2266 2293 2316 2321 2275 2224 2197 2191 2202 2238 2268 2274 2274 2250 2185 2116 2067 2028 1999 2000 2013 2040 2069 2085 2052 2008 1981 1977 1974 1964 1942 1868 1751 1652 1619 1608 1615 1649 1661 1594 1517 1469 1430 1396 1354 1311 1289 1295 1304 1315 1325 1334 1339 1336 1323 1307 1291 1277 1266 1262 1263 1271 1281 1290 1278 1260 1240 1223 1209 1203 1201 1198 1194 1188 1175 1155 1134 1115 1092 1081 1074 1064 1048 1030 1009 988 969
2268 2317 2369 2398 2409 2406 2352 2293 2266 2267 2283 2327 2360 2353 2320 2270 2184 2096 2050 2025 2005 2022 2050 2082 2115 2131 2097 2053 2025 2022 2022 2003 1971 1905 1812 1733 1706 1692 1690 1690 1675 1617 1558 1525 1517 1507 1457 1401 1374 1379 1386 1395 1404 1411 1408 1401 1389 1372 1357 1353 1350 1347 1349 1355 1356 1357 1351 1342 1330 1325 1319 1303 1285 1279 1276 1268 1263 1254 1226 1181 1137 1102 1069 1049 1039 1028 1005 983 967
2336 2385 2436 2459 2460 2449 2399 2347 2329 2341 2364 2411 2445 2426 2360 2280 2198 2117 2078 2067 2064 2087 2117 2146 2173 2186 2139 2086 2045 2033 2027 2006 1974 1920 1848 1780 1769 1767 1765 1745 1713 1662 1613 1592 1605 1621 1579 1527 1498 1497 1496 1501 1509 1520 1517 1506 1489 1465 1439 1431 1426 1421 1423 1426 1424 1419 1413 1407 1404 1405 1410 1396 1376 1367 1364 1353 1346 1336 1301 1241 1186 1131 1081 1047 1033 1019 997 976 964
2399 2436 2472 2483 2464 2440 2406 2379 2378 2411 2448 2507 2552 2516 2379 2249 2201 2173 2155 2167 2181 2195 2213 2232 2249 2253 2184 2102 2046 2017 2000 1975 1941 1900 1856 1810 1833 1867 1865 1811 1756 1711 1678 1673 1709 1744 1722 1687 1659 1645 1634 1635 1640 1655 1657 1645 1618 1582 1542 1513 1494 1485 1483 1484 1480 1473 1464 1459 1459 1464 1472 1470 1461 1451 1449 1436 1421 1402 1358 1292 1229 1158 1092 1047 1023 1003 983 967 956
2460 2483 2505 2503 2469 2430 2413 2404 2419 2468 2522 2592 2651 2601 2416 2242 2224 2236 2240 2264 2297 2295 2296 2301 2307 2297 2210 2109 2042 2005 1976 1954 1920 1894 1876 1861 1912 1974 1970 1890 1813 1776 1757 1771 1827 1879 1871 1850 1827 1808 1794 1796 1799 1809 1815 1807 1766 1720 1669 1621 1584 1572 1565 1558 1551 1541 1534 1528 1533 1540 1548 1552 1548 1536 1528 1516 1488 1457 1405 1332 1255 1173 1096 1044 1014 991 973 961 952
2514 2524 2534 2525 2490 2457 2444 2440 2454 2498 2548 2617 2669 2637 2499 2362 2333 2330 2324 2329 2337 2315 2293 2274 2264 2245 2169 2085 2034 2008 1994 2006 2016 2008 1990 1979 2029 2083 2078 2005 1930 1893 1877 1896 1959 2018 2027 2022 2005 1966 1937 1956 1984 2006 2032 2040 1976 1897 1828 1767 1717 1701 1693 1684 1677 1670 1660 1652 1663 1693 1714 1711 1696 1664 1618 1569 1520 1468 1401 1323 1243 1165 1094 1044 1011 988 974 967 964
2572 2573 2574 2559 2527 2498 2488 2488 2500 2531 2576 2641 2684 2669 2597 2505 2460 2434 2415 2389 2367 2323 2273 2235 2208 2179 2122 2066 2031 2019 2017 2069 2134 2144 2115 2104 2149 2191 2185 2121 2049 2013 1997 2020 2086 2152 2178 2196 2184 2116 2065 2110 2170 2205 2257 2286 2192 2074 1992 1923 1864 1849 1841 1830 1824 1816 1798 1780 1792 1847 1884 1865 1834 1780 1686 1599 1530 1456 1379 1299 1216 1146 1088 1041 1007 985 976 978 982
2659 2649 2641 2622 2593 2570 2562 2563 2574 2597 2634 2703 2751 2741 2686 2612 2558 2521 2493 2457 2418 2353 2284 2232 2196 2159 2117 2077 2055 2051 2058 2115 2186 2205 2184 2183 2237 2284 2278 2218 2153 2117 2100 2120 2180 2241 2291 2330 2341 2290 2246 2286 2339 2372 2419 2446 2356 2242 2163 2099 2046 2029 2019 2006 1992 1974 1944 1913 1904 1939 1958 1923 1878 1808 1701 1598 1519 1438 1358 1277 1195 1130 1075 1029 997 979 974 981 994
2778 2752 2725 2705 2691 2680 2674 2673 2679 2690 2715 2791 2858 2852 2785 2704 2644 2590 2555 2531 2500 2417 2327 2266 2225 2188 2156 2129 2114 2113 2121 2147 2176 2192 2195 2208 2279 2350 2352 2302 2248 2207 2180 2190 2227 2276 2347 2411 2456 2480 2484 2485 2486 2490 2496 2495 2440 2376 2319 2279 2245 2226 2211 2192 2159 2122 2080 2037 1996 1960 1924 1877 1819 1746 1657 1565 1490 1418 1340 1259 1179 1114 1059 1015 987 973 968 976 998
2892 2859 2821 2803 2800 2796 2794 2795 2800 2801 2814 2884 2959 2960 2888 2812 2742 2673 2624 2610 2584 2493 2391 2323 2281 2242 2220 2205 2192 2188 2196 2192 2188 2199 2215 2236 2312 2395 2408 2364 2319 2277 2244 2245 2268 2307 2401 2483 2550 2620 2664 2623 2581 2565 2538 2503 2478 2450 2413 2393 2382 2363 2348 2324 2278 2225 2169 2114 2044 1955 1873 1818 1749 1672 1598 1518 1450 1388 1317 1236 1162 1098 1043 1003 979 968 967 979 1010
2993 2963 2928 2917 2928 2932 2939 2947 2958 2959 2965 3010 3057 3055 2999 2939 2864 2785 2718 2684 2643 2561 2474 2413 2370 2330 2314 2307 2302 2301 2306 2292 2279 2286 2302 2319 2363 2404 2394 2349 2309 2291 2283 2297 2317 2352 2464 2576 2642 2692 2714 2647 2570 2525 2486 2445 2416 2386 2356 2340 2328 2317 2308 2291 2260 2221 2158 2089 2014 1925 1843 1786 1725 1651 1574 1494 1425 1360 1290 1216 1147 1084 1031 994 973 968 978 1002 1051
3066 3040 3006 3002 3032 3049 3059 3074 3086 3089 3095 3111 3125 3125 3096 3055 2983 2896 2821 2764 2708 2642 2576 2522 2480 2440 2429 2429 2429 2431 2434 2411 2392 2395 2412 2430 2431 2416 2387 2338 2298 2312 2340 2363 2373 2395 2521 2660 2718 2726 2718 2620 2505 2437 2393 2352 2316 2279 2251 2235 2220 2215 2213 2206 2197 2177 2111 2034 1959 1883 1805 1755 1708 1638 1555 1472 1400 1330 1262 1197 1135 1073 1022 988 971 971 992 1030 1095
3070 3062 3042 3039 3060 3072 3080 3093 3099 3100 3107 3111 3120 3142 3151 3143 3086 3008 2939 2878 2820 2770 2719 2670 2626 2591 2571 2566 2565 2568 2566 2531 2502 2496 2521 2552 2531 2493 2462 2422 2388 2423 2467 2490 2489 2500 2587 2691 2721 2698 2659 2551 2427 2342 2295 2255 2224 2194 2175 2158 2140 2135 2132 2127 2127 2116 2063 1993 1925 1852 1777 1724 1678 1611 1528 1450 1378 1308 1241 1180 1122 1063 1015 987 977 985 1015 1061 1134
2997 3027 3057 3051 3018 2990 2991 2999 3002 3005 3014 3011 3016 3068 3154 3208 3181 3129 3068 3002 2945 2917 2900 2859 2805 2763 2727 2699 2693 2695 2689 2640 2591 2587 2643 2695 2664 2613 2587 2580 2571 2616 2668 2687 2677 2673 2678 2675 2652 2595 2525 2433 2341 2266 2215 2175 2162 2157 2145 2123 2103 2087 2071 2064 2066 2058 2022 1975 1916 1842 1767 1703 1638 1568 1496 1425 1356 1289 1225 1166 1110 1054 1010 988 991 1010 1042 1089 1166
2915 2973 3036 3027 2952 2893 2884 2884 2883 2889 2899 2896 2901 2983 3131 3246 3241 3210 3157 3088 3033 3027 3036 3006 2945 2896 2855 2817 2806 2810 2805 2746 2683 2688 2768 2837 2801 2740 2715 2730 2751 2797 2852 2858 2830 2802 2735 2652 2583 2498 2390 2317 2250 2188 2138 2106 2109 2123 2115 2091 2070 2043 2016 2008 2011 2003 1980 1951 1896 1822 1753 1680 1604 1532 1467 1398 1333 1270 1210 1153 1101 1048 1007 991 1004 1033 1065 1112 1190
2908 2958 3002 2982 2910 2850 2833 2828 2819 2818 2826 2829 2847 2946 3113 3237 3226 3176 3117 3056 3008 2994 2991 2969 2937 2917 2898 2887 2902 2932 2949 2888 2822 2821 2892 2955 2929 2882 2857 2856 2859 2879 2899 2881 2839 2789 2709 2618 2536 2434 2322 2252 2191 2134 2090 2063 2067 2081 2076 2056 2037 2008 1979 1965 1960 1947 1921 1890 1843 1789 1736 1663 1584 1512 1445 1375 1313 1254 1196 1142 1092 1043 1007 998 1014 1045 1083 1134 1206
2908 2943 2962 2934 2867 2808 2788 2782 2772 2762 2766 2775 2802 2912 3093 3228 3193 3109 3041 2986 2943 2916 2892 2876 2880 2887 2894 2917 2956 3020 3063 3000 2925 2920 2980 3035 3019 2987 2958 2938 2922 2909 2882 2844 2794 2731 2653 2570 2483 2373 2260 2197 2145 2092 2049 2023 2026 2037 2034 2018 2001 1971 1940 1920 1906 1885 1853 1814 1775 1746 1711 1639 1559 1487 1421 1352 1293 1236 1182 1130 1084 1039 1010 1007 1024 1057 1102 1157 1225
2891 2913 2916 2881 2816 2755 2737 2733 2729 2722 2727 2746 2786 2902 3080 3216 3161 3059 2974 2923 2885 2852 2821 2808 2816 2821 2842 2877 2932 3006 3061 3001 2929 2921 2972 3016 3002 2976 2946 2919 2899 2872 2829 2780 2719 2640 2568 2493 2411 2309 2218 2156 2105 2053 2009 1978 1976 1983 1978 1963 1943 1915 1885 1859 1836 1811 1773 1731 1695 1676 1647 1586 1516 1453 1390 1326 1270 1217 1164 1115 1073 1035 1013 1019 1046 1088 1133 1187 1253
2871 2871 2842 2801 2752 2704 2688 2684 2684 2687 2703 2745 2816 2934 3085 3198 3128 3009 2921 2888 2865 2825 2782 2759 2748 2738 2757 2789 2840 2902 2949 2904 2850 2838 2865 2893 2887 2874 2849 2818 2795 2777 2747 2690 2610 2517 2457 2404 2339 2267 2200 2132 2068 2012 1966 1932 1920 1913 1904 1889 1869 1846 1821 1793 1762 1729 1683 1635 1598 1577 1551 1511 1466 1415 1355 1294 1243 1194 1144 1096 1057 1027 1012 1029 1081 1141 1184 1230 1291
2847 2826 2774 2728 2692 2659 2646 2642 2646 2657 2681 2744 2837 2961 3092 3184 3098 2965 2876 2859 2847 2799 2747 2710 2682 2663 2670 2693 2736 2787 2822 2791 2747 2728 2738 2754 2757 2757 2745 2718 2690 2679 2658 2597 2503 2412 2360 2320 2269 2219 2171 2101 2032 1976 1929 1889 1869 1852 1838 1822 1800 1781 1760 1730 1692 1650 1597 1543 1506 1485 1461 1439 1413 1370 1314 1261 1214 1170 1125 1079 1043 1020 1013 1041 1112 1188 1231 1274 1331
2806 2782 2728 2684 2653 2626 2618 2619 2622 2631 2656 2724 2817 2940 3071 3157 3065 2929 2840 2820 2809 2778 2744 2708 2664 2630 2624 2636 2669 2719 2756 2731 2693 2674 2676 2684 2687 2691 2700 2703 2696 2689 2668 2595 2476 2368 2298 2242 2185 2147 2110 2049 1988 1936 1890 1852 1830 1810 1793 1773 1744 1724 1702 1672 1630 1587 1533 1478 1439 1411 1384 1371 1358 1325 1278 1233 1189 1148 1108 1068 1037 1022 1022 1052 1118 1191 1244 1298 1363
2774 2746 2689 2646 2621 2601 2598 2602 2604 2606 2631 2701 2792 2915 3049 3132 3035 2896 2807 2782 2769 2759 2753 2719 2656 2606 2589 2589 2615 2664 2702 2684 2657 2638 2629 2628 2633 2640 2663 2701 2717 2712 2696 2613 2462 2332 2247 2168 2110 2085 2059 2008 1955 1909 1871 1839 1816 1793 1774 1750 1717 1694 1672 1639 1594 1548 1496 1443 1399 1361 1325 1318 1316 1289 1248 1209 1166 1127 1092 1059 1033 1025 1033 1064 1118 1185 1250 1318 1389
2747 2716 2657 2615 2596 2584 2581 2585 2585 2587 2613 2691 2786 2908 3035 3109 3011 2874 2786 2758 2743 2741 2741 2706 2639 2586 2563 2555 2577 2621 2654 2643 2622 2604 2592 2589 2592 2600 2624 2669 2693 2672 2640 2550 2407 2281 2195 2118 2074 2056 2034 2000 1960 1922 1890 1868 1855 1840 1822 1791 1755 1726 1698 1662 1618 1569 1519 1467 1415 1365 1321 1304 1294 1263 1222 1180 1142 1107 1077 1050 1031 1024 1035 1070 1123 1188 1259 1333 1404
2714 2683 2628 2590 2578 2572 2566 2567 2567 2571 2599 2688 2798 2918 3027 3088 2997 2868 2779 2742 2721 2714 2706 2672 2619 2573 2543 2530 2547 2581 2607 2603 2593 2578 2565 2563 2561 2563 2584 2622 2641 2578 2482 2394 2319 2241 2170 2110 2076 2052 2026 2018 2012 1983 1950 1930 1939 1957 1942 1891 1841 1803 1765 1727 1688 1643 1597 1548 1490 1426 1368 1325 1284 1241 1193 1148 1115 1089 1065 1044 1033 1028 1037 1074 1129 1194 1269 1348 1418
2686 2654 2601 2563 2556 2557 2549 2547 2549 2556 2584 2683 2804 2924 3021 3071 2986 2864 2769 2725 2701 2687 2674 2644 2601 2556 2523 2504 2515 2541 2565 2569 2568 2556 2542 2536 2534 2536 2557 2592 2608 2514 2376 2293 2272 2234 2180 2137 2114 2086 2067 2070 2082 2060 2021 1998 2023 2063 2050 1985 1924 1882 1837 1798 1763 1722 1678 1631 1566 1489 1418 1351 1286 1229 1176 1124 1095 1076 1057 1043 1038 1039 1050 1086 1141 1205 1282 1365 1435
2653 2620 2568 2528 2518 2518 2510 2508 2515 2529 2566 2668 2787 2906 3001 3052 2972 2857 2763 2711 2675 2655 2638 2609 2561 2513 2486 2473 2479 2504 2531 2527 2516 2506 2507 2518 2532 2551 2592 2641 2667 2595 2490 2424 2399 2363 2323 2292 2276 2260 2243 2209 2170 2115 2059 2017 2030 2053 2040 1990 1943 1906 1868 1835 1803 1763 1712 1657 1587 1506 1432 1361 1293 1231 1175 1123 1091 1069 1055 1049 1053 1063 1084 1126 1187 1254 1321 1391 1458
2621 2588 2538 2497 2481 2478 2469 2467 2477 2503 2548 2651 2769 2885 2979 3028 2957 2853 2761 2700 2656 2632 2613 2584 2529 2474 2456 2452 2454 2476 2504 2487 2459 2451 2474 2501 2531 2569 2626 2696 2735 2691 2629 2574 2535 2498 2467 2444 2435 2433 2424 2343 2238 2153 2076 2014 2009 2011 1996 1967 1934 1904 1878 1849 1820 1783 1725 1659 1586 1506 1429 1361 1295 1232 1177 1127 1091 1064 1054 1058 1071 1091 1123 1171 1239 1310 1364 1413 1476
2607 2567 2513 2472 2453 2447 2441 2442 2456 2486 2537 2638 2753 2864 2955 3003 2938 2841 2755 2693 2646 2623 2607 2588 2544 2499 2470 2451 2439 2454 2477 2459 2432 2426 2447 2470 2512 2562 2629 2700 2740 2701 2648 2595 2554 2525 2495 2474 2462 2469 2468 2373 2254 2159 2073 2000 1984 1975 1958 1934 1903 1878 1855 1828 1799 1764 1704 1635 1566 1491 1416 1349 1285 1222 1166 1121 1086 1062 1057 1068 1088 1118 1155 1206 1273 1342 1387 1429 1486
2621 2567 2496 2449 2429 2422 2422 2432 2451 2485 2536 2632 2739 2844 2932 2981 2920 2828 2747 2689 2646 2630 2623 2619 2613 2591 2530 2466 2433 2440 2455 2448 2439 2429 2414 2412 2469 2542 2603 2640 2658 2614 2552 2495 2455 2425 2385 2352 2346 2377 2390 2310 2210 2124 2050 1985 1958 1938 1916 1892 1863 1837 1810 1781 1750 1714 1652 1581 1518 1461 1398 1332 1268 1207 1148 1102 1074 1059 1061 1077 1103 1140 1184 1235 1292 1350 1396 1443 1491
2630 2565 2480 2428 2409 2403 2410 2428 2452 2488 2542 2631 2731 2831 2916 2963 2911 2826 2753 2701 2665 2660 2663 2670 2689 2690 2601 2502 2452 2446 2437 2435 2438 2421 2379 2359 2421 2506 2554 2562 2559 2513 2445 2380 2336 2295 2247 2204 2212 2263 2290 2227 2142 2067 2007 1960 1923 1894 1869 1845 1819 1789 1758 1727 1696 1658 1596 1524 1464 1422 1375 1308 1246 1187 1129 1084 1064 1058 1067 1089 1122 1163 1212 1264 1315 1364 1410 1458 1492
2583 2522 2447 2401 2390 2396 2409 2432 2460 2498 2553 2635 2725 2820 2906 2957 2922 2859 2806 2771 2749 2751 2761 2769 2786 2788 2683 2557 2479 2448 2411 2404 2403 2390 2352 2332 2373 2432 2476 2499 2511 2468 2403 2339 2288 2240 2195 2159 2161 2192 2208 2159 2092 2030 1979 1936 1895 1860 1830 1802 1772 1743 1712 1683 1650 1611 1559 1502 1444 1394 1343 1276 1213 1158 1111 1077 1065 1067 1086 1119 1160 1205 1256 1306 1352 1398 1436 1475 1508
2530 2478 2417 2377 2376 2393 2411 2439 2471 2513 2569 2643 2719 2809 2896 2948 2932 2895 2858 2839 2831 2835 2849 2861 2880 2884 2764 2606 2506 2453 2395 2376 2372 2357 2327 2311 2327 2354 2395 2443 2470 2435 2377 2313 2255 2198 2157 2131 2125 2127 2125 2089 2041 1990 1949 1911 1866 1822 1788 1757 1725 1697 1671 1642 1604 1562 1524 1486 1430 1367 1309 1242 1177 1128 1095 1073 1069 1080 1108 1152 1201 1250 1304 1353 1393 1436 1467 1493 1529
2524 2467 2403 2365 2368 2391 2414 2446 2482 2526 2581 2653 2727 2813 2894 2940 2927 2895 2862 2848 2847 2849 2862 2882 2908 2917 2821 2681 2570 2485 2398 2366 2351 2328 2299 2284 2291 2307 2343 2395 2427 2401 2351 2293 2226 2155 2111 2081 2066 2057 2048 2020 1981 1939 1903 1867 1823 1779 1745 1714 1684 1657 1630 1603 1569 1529 1488 1448 1391 1327 1270 1209 1150 1107 1084 1072 1077 1096 1130 1179 1233 1284 1339 1389 1432 1476 1505 1529 1568
2564 2486 2398 2356 2365 2391 2417 2450 2488 2532 2586 2665 2748 2830 2893 2926 2900 2855 2816 2800 2795 2792 2798 2820 2850 2868 2849 2806 2704 2546 2403 2354 2329 2301 2277 2264 2265 2276 2306 2357 2393 2376 2335 2276 2189 2101 2052 2016 1994 1982 1972 1946 1915 1878 1841 1804 1768 1734 1704 1676 1650 1619 1588 1564 1544 1514 1456 1391 1329 1275 1226 1174 1129 1097 1083 1080 1090 1111 1148 1201 1259 1306 1352 1406 1469 1525 1554 1577 1612
