lehrmittel/geodata_analysis_with_qgis/raster_data_analysis_with_qgis/raster_data_analysis_with_qgis_chamois_data/dhm_rimini.txt
ncols         735
nrows         826
xllcorner     698989
yllcorner     189514
cellsize      100
NODATA_value  -9999
[rows 156 to 194 of 826, columns 0 to 88 of 735]
645 655 668 679 684 683 677 667 651 631 614 604 594 577 555 536 520 509 513 532 551 558 560 566 571 570 560 548 533 517 507 502 503 520 552 581 594 603 612 621 627 627 625 625 629 632 626 620 614 611 609 599 587 578 573 571 595 626 646 652 661 673 680 682 683 680 682 687 692 691 689 669 649 648 668 686 686 681 670 655 645 641 640 648 664 678 692 705 718
655 663 673 681 686 685 673 658 641 623 607 594 583 568 554 540 523 510 512 530 549 567 583 593 597 595 579 560 542 522 508 504 505 520 550 578 591 601 611 617 621 619 614 613 623 629 613 594 584 577 572 570 569 564 562 564 588 617 640 654 668 679 683 682 683 678 671 668 671 666 660 645 631 631 651 669 661 648 637 624 617 634 658 675 692 707 717 725 734
661 669 677 683 684 681 669 653 635 618 599 584 571 560 550 541 525 512 515 532 551 574 595 604 605 600 581 560 541 522 509 505 506 519 544 567 580 590 599 605 610 606 599 596 603 607 589 568 559 553 548 549 551 549 548 554 578 607 634 654 670 680 683 675 665 653 643 637 638 636 633 621 609 610 628 645 636 623 620 617 618 646 677 695 709 723 728 732 737
664 672 680 683 681 675 665 651 634 614 593 576 560 549 544 540 529 521 524 534 548 575 600 607 599 586 565 543 527 517 510 508 511 519 531 545 556 568 579 589 596 591 584 576 570 565 555 545 539 538 536 537 539 537 536 542 563 590 619 648 669 683 690 673 632 599 590 587 592 605 613 602 590 590 601 613 610 605 612 629 647 675 701 714 717 721 722 725 726
667 673 679 681 676 668 658 646 629 607 587 567 549 541 541 541 536 532 533 538 549 577 604 609 592 571 549 527 513 509 508 508 513 518 519 524 535 547 559 571 580 574 566 557 543 531 528 526 523 524 528 529 530 530 528 532 552 575 607 641 666 680 690 665 602 550 544 544 552 576 594 585 575 576 583 591 595 597 610 642 674 698 721 729 722 713 711 713 712
667 670 672 671 662 652 641 629 611 593 577 559 543 538 541 545 545 547 552 559 569 592 612 610 590 566 543 522 510 508 507 508 511 514 514 517 524 532 542 557 567 559 549 540 531 524 521 520 519 522 526 527 529 527 525 530 549 574 604 639 662 666 661 636 586 546 539 540 546 563 577 572 566 570 578 590 598 606 624 658 688 707 721 720 703 688 688 692 696
665 664 663 659 646 633 621 608 592 579 568 552 538 536 544 551 557 564 573 581 591 608 620 614 590 562 539 519 508 507 508 508 510 512 512 514 517 520 529 545 557 548 534 527 525 524 522 520 520 524 528 529 529 528 525 530 550 573 602 637 660 650 626 602 575 549 543 545 549 556 564 563 564 571 582 597 609 621 641 674 702 712 716 707 679 658 662 673 683
658 653 649 641 629 617 605 592 578 567 558 548 540 541 550 560 569 580 589 597 607 620 627 617 589 558 535 517 508 507 510 510 510 511 511 512 513 514 521 535 545 537 525 520 521 522 522 521 523 526 529 529 530 529 528 532 552 575 599 626 646 631 604 582 564 545 541 544 550 554 560 565 570 581 597 614 629 643 661 687 707 708 704 689 660 639 650 667 682
644 636 627 620 616 610 596 581 567 556 547 547 551 556 561 568 579 590 600 610 620 627 629 616 586 552 532 517 509 508 511 510 511 512 512 515 515 514 518 525 529 526 521 520 521 522 523 524 525 526 526 527 528 529 530 533 556 584 602 610 615 601 581 564 554 542 540 542 547 551 557 567 581 597 618 639 658 675 687 695 700 693 682 666 645 631 648 672 691
634 623 610 604 606 604 589 572 560 549 541 549 562 570 572 577 588 600 610 621 629 633 630 613 582 548 530 518 512 511 513 513 513 514 516 519 519 518 519 521 520 519 519 520 522 525 527 528 527 526 525 527 528 529 530 535 558 588 602 595 587 575 559 547 545 544 543 544 546 548 554 569 589 610 634 658 677 696 703 696 689 677 661 646 632 624 647 676 700
643 631 619 609 604 596 584 571 560 548 541 553 569 578 581 587 598 609 617 624 627 630 628 613 583 551 532 519 513 513 514 514 514 515 522 530 534 535 534 528 518 516 516 519 523 529 531 532 530 528 526 529 532 533 533 535 550 569 577 572 566 558 548 544 547 549 546 544 543 545 552 567 586 606 630 651 667 680 681 670 659 649 638 633 631 633 658 686 705
654 642 631 619 603 588 580 573 562 549 542 556 576 587 590 596 607 617 624 625 624 628 628 614 586 557 538 524 518 517 518 517 516 518 529 542 551 557 554 537 519 516 516 520 527 535 537 537 534 530 528 531 536 537 536 536 542 547 551 550 548 545 544 546 554 558 553 546 543 543 549 562 578 596 617 637 648 654 652 638 625 619 617 620 633 645 669 694 707
650 638 627 615 598 584 577 572 561 549 543 560 581 594 598 603 615 627 633 631 627 630 630 616 591 566 550 538 533 533 533 529 525 525 535 546 559 570 568 548 529 524 523 526 535 544 545 543 538 533 528 531 536 536 533 534 535 536 539 539 536 540 545 553 564 572 563 552 544 543 546 555 568 583 600 615 624 628 626 613 601 601 605 615 633 653 670 689 696
631 621 612 602 590 579 573 567 559 550 547 563 583 597 602 607 625 643 648 640 632 634 632 620 601 581 568 560 558 562 563 551 537 532 534 538 559 581 583 561 543 535 532 536 548 559 558 552 545 535 528 529 533 532 530 530 532 533 536 536 535 544 556 568 581 590 576 557 546 545 548 552 560 570 579 589 597 602 602 596 590 596 606 619 639 659 666 669 670
615 607 600 591 582 574 569 565 558 552 550 566 586 601 606 612 633 657 662 649 638 639 638 628 615 599 590 584 584 590 593 572 550 538 533 533 559 589 594 573 554 548 545 551 565 577 573 565 554 541 531 531 533 533 532 531 533 535 538 540 543 556 572 587 601 610 591 565 551 550 552 551 553 559 563 568 576 582 583 581 581 589 603 620 640 660 657 648 643
618 607 598 591 584 579 574 570 564 558 558 572 590 604 611 617 635 653 660 655 650 654 655 647 633 618 613 611 611 613 610 587 563 546 536 532 552 575 585 582 580 576 573 578 591 600 594 584 572 557 544 542 542 540 537 537 543 551 557 560 564 576 590 604 620 628 610 586 569 559 552 550 552 557 559 562 568 572 572 572 574 580 590 602 619 634 630 621 616
625 612 600 593 590 586 582 577 571 565 566 578 593 606 615 623 635 645 653 659 662 668 673 667 650 635 634 638 637 632 623 600 575 555 539 532 543 556 570 591 606 604 599 605 617 625 617 605 592 576 562 557 554 551 547 546 558 573 582 584 589 599 608 621 638 646 630 608 588 568 553 552 556 560 560 561 565 568 567 568 570 572 575 584 596 606 603 595 592
631 619 608 602 600 597 589 582 574 568 569 581 595 607 616 625 635 643 652 662 668 676 681 678 663 650 650 653 651 643 633 609 583 561 543 535 541 550 565 592 613 616 616 625 635 640 634 623 612 598 585 578 573 568 564 563 576 593 604 608 614 623 630 640 652 656 639 618 596 573 556 554 559 564 566 570 571 571 567 566 566 565 566 572 582 589 586 580 578
636 627 618 614 614 611 598 583 573 567 569 581 596 608 618 627 635 641 651 664 673 680 682 680 671 661 659 658 655 648 639 613 585 563 552 545 547 552 564 585 604 617 628 638 642 644 641 637 630 622 614 605 596 590 586 585 596 609 620 630 638 647 656 661 659 653 637 617 595 573 557 554 559 568 581 593 588 577 570 568 564 564 566 571 577 582 582 580 579
641 635 628 625 626 624 605 585 572 568 569 581 596 610 621 631 636 641 650 665 678 683 683 681 675 668 664 661 657 652 642 618 589 570 563 558 552 551 561 578 595 614 632 642 643 643 645 645 643 641 638 627 616 610 606 606 615 625 637 649 658 666 675 675 661 647 632 614 592 571 555 554 560 574 597 615 606 590 580 577 573 572 574 577 580 583 585 586 586
650 647 643 638 635 630 609 588 575 571 573 588 607 622 631 640 646 650 657 668 677 682 685 684 680 674 669 664 658 652 644 628 610 595 584 574 565 560 561 569 578 601 626 639 639 638 641 644 643 643 641 632 624 621 621 625 635 645 655 665 671 672 673 668 655 641 627 610 590 570 555 553 559 578 608 634 634 625 617 607 598 593 590 589 592 593 597 600 600
658 658 656 650 642 634 612 589 577 574 577 595 619 634 641 649 655 660 665 670 675 681 686 687 685 680 673 665 659 651 644 639 635 623 607 593 580 569 564 559 559 587 620 635 632 629 634 639 640 640 639 633 628 628 634 643 653 663 671 677 680 673 663 654 645 633 621 606 588 569 555 551 554 577 617 651 661 665 659 641 626 619 612 610 611 611 616 623 622
664 663 661 653 643 632 611 590 578 577 580 597 619 633 641 649 657 664 670 673 676 683 688 690 689 686 676 666 659 653 648 648 648 639 622 609 595 582 570 557 552 578 610 627 626 624 631 637 640 641 641 637 634 637 646 656 664 672 677 678 678 667 653 641 632 621 611 600 586 568 556 551 555 579 621 658 673 683 681 668 659 655 650 649 648 647 649 653 651
671 666 657 648 635 623 606 591 582 580 583 593 606 619 630 641 653 666 673 675 678 685 692 694 694 690 678 664 658 655 653 653 652 644 631 618 609 600 586 566 555 572 595 612 621 627 634 640 644 644 645 643 642 647 657 667 673 678 678 671 664 653 640 628 620 609 603 597 584 568 557 554 558 580 617 650 666 675 681 687 694 696 698 700 699 697 691 684 680
673 665 652 639 626 613 601 591 584 582 584 589 594 604 617 631 647 664 674 675 678 686 694 698 698 694 680 664 657 657 657 657 655 648 636 625 618 614 598 572 556 568 585 603 619 629 637 644 648 648 649 650 651 658 668 676 680 683 679 665 653 643 632 620 611 602 597 594 584 569 558 556 559 577 607 637 651 659 672 693 712 721 731 738 739 736 726 713 706
664 656 643 632 621 609 600 592 587 585 586 588 591 598 610 621 637 654 665 670 676 684 692 696 696 693 680 666 660 662 663 660 656 648 636 623 616 609 592 568 553 566 585 604 620 632 638 643 647 650 653 657 661 670 681 689 688 685 682 678 671 659 645 631 620 611 601 593 581 568 559 555 558 569 590 613 624 632 644 661 675 692 708 719 726 732 725 717 718
651 643 632 623 616 608 601 595 591 590 590 590 590 594 603 613 628 643 655 664 672 682 690 694 693 691 680 668 663 669 672 666 656 647 634 621 611 601 583 563 551 565 588 608 624 636 641 642 645 651 658 664 671 682 694 703 696 684 683 692 695 680 663 647 633 621 606 591 578 568 559 556 557 564 575 589 597 603 612 622 631 653 675 690 705 717 716 715 720
638 631 622 614 611 607 603 600 599 599 598 595 592 593 599 609 621 635 647 658 668 678 686 691 692 691 684 675 672 676 677 669 658 647 635 622 611 600 584 565 552 567 591 611 627 641 644 644 647 654 660 669 679 690 702 712 704 691 688 698 702 685 666 651 636 623 607 589 576 567 560 556 557 561 568 577 584 591 602 611 623 643 663 678 694 706 711 714 725
623 619 614 610 608 607 607 607 609 612 612 606 599 597 600 606 617 629 641 654 666 675 681 687 690 692 693 692 689 683 677 670 662 651 640 628 617 605 589 570 557 573 597 616 630 643 647 650 653 656 660 672 685 698 708 717 711 701 696 700 698 678 655 640 628 616 602 588 576 568 561 558 558 561 566 573 588 606 622 634 648 661 672 682 693 702 711 720 734
611 611 610 610 611 612 616 620 623 627 629 619 609 603 603 606 614 625 637 652 665 674 679 685 692 696 702 707 704 691 678 671 665 655 644 633 622 611 595 575 563 579 602 621 634 644 650 654 657 659 662 676 691 705 715 721 716 707 700 700 696 673 645 630 622 613 600 587 576 568 565 562 561 563 566 573 596 624 644 659 674 682 686 692 698 703 712 724 738
611 614 617 623 631 638 644 648 650 651 649 634 619 611 609 611 617 625 638 654 670 679 685 691 698 703 711 718 713 697 682 672 662 651 640 628 620 612 600 584 575 586 604 620 631 641 650 659 664 667 670 682 695 708 719 727 725 717 706 695 682 664 647 638 633 626 610 594 580 571 567 563 562 563 565 571 592 618 644 671 695 705 710 714 713 712 716 723 731
614 620 627 638 654 666 673 677 677 673 667 648 627 617 616 618 621 626 639 659 676 685 692 699 704 709 720 728 722 703 685 671 659 647 634 622 616 612 603 594 588 594 605 617 626 635 649 664 672 675 678 688 698 711 724 734 734 730 716 690 668 659 655 652 651 645 625 604 586 575 569 566 564 563 563 568 585 605 634 675 709 721 730 732 722 715 715 716 719
619 629 640 652 669 683 688 690 687 680 671 651 631 620 619 621 624 629 642 662 681 690 697 703 709 714 724 731 725 705 684 671 659 647 635 624 619 615 607 599 595 597 604 615 623 632 649 666 675 679 684 693 703 716 730 739 743 742 729 702 676 673 674 672 672 669 643 616 596 583 573 570 569 566 564 567 579 596 622 662 693 704 711 712 703 697 695 694 696
624 638 653 665 677 686 688 686 681 670 658 643 630 621 620 623 626 633 646 665 682 692 700 707 714 719 725 727 720 701 681 671 664 654 644 635 627 620 610 602 597 598 603 612 622 633 648 663 672 682 692 699 707 720 734 745 752 754 744 722 700 698 702 701 700 696 662 623 599 588 579 577 577 575 569 568 576 590 608 631 650 656 658 661 662 663 663 662 666
627 642 660 672 678 684 682 677 669 657 642 633 625 620 621 625 630 636 650 668 685 696 703 710 717 723 726 725 717 699 680 673 670 663 653 645 635 625 615 606 599 599 603 610 621 634 648 661 673 686 698 705 711 722 738 750 761 765 756 736 717 715 721 723 722 715 676 627 600 591 584 583 585 582 574 568 572 581 592 602 612 615 614 617 628 636 638 640 648
630 641 654 663 667 671 670 667 660 649 637 629 624 621 622 627 635 645 659 676 692 702 710 716 721 725 728 728 724 712 699 687 677 667 661 654 642 628 616 605 599 601 606 616 630 646 658 669 680 690 699 709 719 730 740 748 758 763 754 733 711 702 699 698 695 689 662 630 606 594 586 583 582 579 572 567 569 575 585 595 607 614 620 631 651 667 669 669 677
630 638 644 649 653 655 656 656 651 642 633 628 624 623 625 630 642 657 671 685 698 708 716 721 724 726 729 730 729 727 721 702 681 670 668 664 648 630 615 604 597 600 608 619 639 658 668 675 685 691 697 712 728 737 740 744 754 759 749 727 702 685 671 667 662 654 644 634 616 598 589 583 578 574 571 568 567 571 580 594 609 621 634 653 684 709 710 707 713
627 632 635 639 640 640 642 643 640 634 629 626 626 628 632 638 651 667 680 692 704 714 721 725 726 725 728 730 730 731 730 710 688 677 675 670 652 632 616 604 596 598 605 615 633 651 662 671 682 690 697 714 731 740 741 743 751 756 746 722 698 679 662 657 655 648 643 637 622 604 594 589 584 579 575 570 569 571 579 592 605 619 635 658 691 721 727 728 734
623 626 628 630 630 629 630 630 628 627 626 626 628 634 642 651 664 678 689 698 708 717 723 726 725 722 723 725 726 728 727 712 694 683 679 671 653 634 618 603 594 594 598 605 612 623 640 659 675 686 697 714 730 740 743 745 753 758 748 723 699 682 667 665 675 678 664 645 627 611 599 599 601 596 583 574 572 573 578 585 594 608 625 645 669 693 710 725 738
