lehrmittel/geodata_analysis_with_qgis/raster_data_analysis_with_qgis/raster_data_analysis_with_qgis_chamois_data/dhm_rimini.txt
ncols         735
nrows         826
xllcorner     698989
yllcorner     189514
cellsize      100
NODATA_value  -9999
[rows 585 to 623 of 826, columns 445 to 533 of 735]
1677 1658 1638 1623 1609 1595 1575 1553 1524 1491 1457 1433 1411 1388 1367 1348 1326 1303 1282 1261 1238 1216 1193 1167 1139 1110 1081 1054 1026 996 969 952 939 929 922 915 906 896 880 859 840 825 808 791 776 755 727 698 672 644 616 590 564 533 501 476 472 475 476 474 474 476 479 482 484 484 484 485 484 483 484 483 484 493 506 524 548 573 605 648 681 686 680 673 660 640 607 572 545
1735 1703 1673 1648 1630 1612 1591 1567 1539 1507 1475 1450 1428 1409 1392 1377 1362 1346 1326 1301 1275 1249 1222 1193 1164 1135 1105 1075 1046 1015 987 968 953 942 933 926 923 920 906 884 863 849 836 819 803 783 757 731 705 675 644 612 579 544 508 479 476 480 478 473 470 474 478 482 483 481 481 482 481 481 482 480 480 484 490 500 515 531 556 591 620 636 643 642 630 612 580 545 522
1790 1746 1702 1670 1647 1626 1604 1579 1551 1521 1492 1466 1442 1424 1412 1400 1392 1385 1367 1337 1307 1278 1247 1216 1188 1158 1127 1096 1065 1035 1006 985 969 956 943 934 939 945 933 907 883 872 863 847 828 807 786 764 739 708 677 640 601 563 522 489 489 495 491 479 473 478 484 488 488 483 482 483 482 483 485 483 483 484 485 490 494 499 515 538 559 586 609 613 601 585 554 520 500
1815 1766 1717 1681 1658 1636 1613 1589 1563 1535 1508 1483 1460 1444 1433 1422 1416 1410 1393 1364 1334 1304 1271 1239 1209 1179 1147 1116 1087 1057 1030 1007 989 976 964 956 962 968 957 931 906 891 880 866 847 825 806 785 759 731 705 670 634 599 561 531 527 530 524 510 498 502 509 512 508 503 496 491 485 485 486 486 486 486 484 485 483 482 492 508 523 550 575 580 570 557 532 504 489
1804 1757 1713 1680 1661 1643 1621 1598 1574 1548 1523 1503 1485 1469 1455 1442 1433 1422 1405 1383 1357 1326 1293 1260 1228 1195 1165 1136 1109 1082 1057 1032 1010 998 995 994 994 991 978 955 932 911 892 876 856 833 813 793 768 747 728 702 677 650 624 603 592 583 573 554 536 546 561 562 547 535 517 497 486 485 486 486 487 487 486 486 484 483 489 497 507 525 540 544 537 527 513 499 490
1780 1738 1699 1672 1658 1646 1626 1605 1584 1560 1537 1522 1507 1491 1474 1460 1447 1432 1415 1396 1373 1340 1307 1274 1241 1208 1179 1152 1127 1102 1080 1055 1031 1020 1023 1027 1022 1015 1001 980 956 935 911 893 872 849 827 806 784 768 752 732 716 698 682 671 656 639 624 601 580 590 612 609 585 564 537 508 491 489 489 489 490 490 490 490 489 489 489 490 496 506 514 518 513 503 498 495 491
1766 1730 1697 1672 1656 1643 1625 1606 1588 1571 1554 1542 1529 1513 1495 1477 1465 1452 1432 1408 1380 1347 1313 1277 1237 1199 1171 1145 1123 1106 1090 1070 1051 1041 1044 1047 1039 1029 1017 1002 987 974 962 952 941 924 887 846 813 789 764 742 725 711 704 701 693 684 670 649 629 619 616 609 600 590 562 531 510 500 494 492 492 491 491 490 489 488 487 487 489 496 501 503 501 494 491 489 487
1753 1722 1695 1672 1653 1639 1622 1605 1591 1581 1571 1560 1548 1532 1512 1491 1479 1467 1445 1413 1381 1348 1314 1277 1230 1188 1161 1136 1118 1110 1101 1083 1068 1060 1060 1062 1051 1037 1027 1020 1013 1012 1013 1012 1016 1010 955 888 843 811 778 751 729 718 718 720 722 721 709 693 676 641 603 592 607 612 584 551 528 509 496 494 493 492 491 490 489 488 487 486 487 490 492 494 494 491 488 485 484
1740 1712 1687 1667 1650 1637 1624 1610 1598 1592 1584 1576 1565 1547 1523 1496 1477 1461 1435 1401 1368 1339 1310 1276 1235 1197 1173 1151 1135 1127 1117 1098 1082 1071 1068 1066 1055 1041 1033 1031 1028 1032 1038 1042 1050 1049 993 925 879 843 807 773 745 733 738 747 748 746 730 712 692 648 601 588 605 611 585 554 532 512 499 495 494 492 491 490 489 489 487 486 486 487 488 488 489 488 486 484 483
1731 1700 1672 1656 1647 1639 1630 1621 1611 1603 1595 1590 1582 1561 1527 1492 1463 1436 1407 1371 1339 1319 1300 1277 1255 1232 1212 1195 1177 1158 1139 1116 1094 1078 1067 1059 1050 1042 1036 1033 1031 1033 1036 1040 1044 1041 1004 959 921 884 847 805 767 753 768 786 777 760 737 711 683 643 606 589 595 594 571 544 525 510 500 495 493 491 490 490 489 489 488 486 485 486 486 486 486 485 484 483 483
1722 1695 1667 1653 1650 1646 1640 1634 1626 1616 1606 1600 1593 1567 1524 1484 1449 1416 1384 1349 1318 1308 1300 1288 1282 1271 1254 1239 1220 1192 1166 1138 1110 1088 1071 1055 1047 1042 1036 1031 1030 1028 1029 1035 1039 1033 1015 990 958 923 890 841 796 780 801 821 803 773 747 716 677 637 603 584 582 581 560 535 515 503 497 493 491 491 491 490 490 490 490 488 487 486 486 486 486 485 485 485 484
1714 1699 1684 1679 1679 1676 1669 1659 1647 1631 1614 1600 1586 1555 1511 1471 1436 1406 1384 1366 1348 1343 1336 1327 1317 1304 1288 1271 1249 1221 1194 1165 1136 1111 1088 1067 1056 1048 1041 1036 1035 1034 1033 1039 1047 1047 1038 1023 1003 982 957 899 841 817 829 842 830 807 779 741 697 654 616 592 577 565 543 520 503 497 495 494 493 494 493 491 492 493 493 492 492 492 492 491 491 490 489 488 487
1710 1709 1711 1712 1716 1713 1702 1687 1669 1644 1618 1597 1574 1539 1495 1457 1427 1402 1391 1394 1394 1390 1384 1374 1357 1338 1321 1301 1277 1249 1222 1194 1167 1140 1109 1083 1069 1059 1050 1045 1044 1042 1040 1047 1057 1063 1061 1054 1044 1039 1024 955 881 849 852 857 851 839 809 765 718 671 631 602 572 548 528 509 495 494 496 496 497 498 496 493 494 496 497 497 497 497 497 496 495 494 493 492 490
1727 1735 1744 1746 1747 1746 1729 1709 1682 1650 1616 1586 1557 1523 1483 1449 1430 1415 1413 1426 1434 1432 1426 1416 1398 1378 1357 1333 1306 1277 1247 1220 1194 1166 1133 1105 1088 1075 1065 1059 1056 1056 1056 1061 1070 1076 1079 1078 1073 1072 1056 987 912 877 872 870 862 848 814 765 715 672 634 603 574 549 530 512 499 499 500 501 503 502 499 495 495 496 496 496 496 496 496 495 494 493 492 491 490
1757 1772 1789 1788 1774 1763 1744 1719 1687 1649 1610 1570 1532 1500 1469 1444 1441 1443 1449 1463 1472 1470 1464 1454 1437 1418 1392 1362 1332 1301 1269 1244 1219 1190 1160 1132 1112 1095 1082 1075 1070 1074 1081 1085 1084 1082 1088 1091 1085 1073 1049 994 940 903 882 869 856 838 801 740 681 647 620 598 586 574 552 530 516 508 504 507 511 510 503 498 495 492 490 489 489 489 489 489 488 488 487 487 486
1787 1803 1824 1820 1794 1769 1745 1718 1680 1638 1596 1552 1511 1482 1461 1445 1455 1472 1486 1500 1512 1508 1500 1487 1472 1453 1422 1388 1356 1323 1291 1267 1243 1216 1186 1159 1135 1115 1102 1093 1087 1093 1103 1104 1093 1084 1088 1091 1080 1058 1027 984 944 905 873 850 837 820 781 714 651 629 612 600 600 598 575 551 536 523 513 515 520 517 508 500 494 488 485 484 483 483 483 483 483 483 483 483 483
1827 1823 1818 1803 1778 1752 1726 1698 1656 1605 1558 1519 1486 1471 1468 1468 1488 1510 1526 1535 1540 1533 1522 1507 1490 1469 1441 1409 1376 1343 1311 1287 1263 1237 1209 1182 1159 1140 1126 1114 1105 1108 1114 1112 1102 1092 1087 1079 1051 1012 971 922 876 840 810 787 781 775 754 712 672 654 639 626 621 614 593 571 555 539 527 524 523 517 508 500 493 488 486 484 483 483 483 483 483 483 483 483 483
1860 1829 1787 1762 1743 1720 1694 1668 1626 1565 1515 1486 1466 1464 1483 1501 1527 1554 1568 1568 1565 1555 1541 1523 1503 1481 1455 1427 1395 1362 1331 1306 1283 1258 1230 1203 1182 1167 1151 1133 1119 1119 1120 1115 1106 1093 1078 1058 1017 958 906 853 800 768 746 725 730 738 734 724 708 691 676 661 645 630 611 592 575 558 543 535 527 518 509 500 494 490 487 485 485 484 485 485 485 485 485 485 485
1837 1793 1741 1708 1688 1663 1638 1614 1581 1530 1489 1476 1470 1480 1509 1540 1565 1591 1602 1597 1589 1575 1558 1539 1518 1495 1470 1443 1412 1380 1349 1325 1303 1279 1252 1225 1204 1187 1169 1150 1137 1131 1125 1112 1097 1076 1046 1014 967 903 848 812 775 752 735 720 730 742 746 747 742 725 709 693 674 655 637 618 597 578 562 548 536 525 513 502 495 490 486 485 484 484 485 485 485 485 485 485 485
1761 1721 1679 1645 1617 1591 1567 1542 1522 1500 1481 1489 1506 1525 1554 1586 1606 1620 1627 1621 1611 1594 1573 1553 1534 1512 1488 1461 1430 1398 1367 1345 1324 1301 1275 1248 1222 1197 1179 1171 1163 1145 1122 1100 1079 1048 1004 957 906 840 789 794 812 806 787 774 778 783 785 787 780 761 739 720 699 680 662 645 624 604 587 566 548 533 518 504 496 489 484 483 483 483 483 484 484 484 484 484 484
1686 1649 1614 1580 1553 1532 1515 1495 1486 1485 1487 1511 1546 1575 1602 1633 1645 1650 1650 1642 1629 1611 1588 1568 1551 1530 1506 1479 1450 1417 1386 1365 1346 1322 1296 1270 1239 1209 1190 1188 1182 1152 1114 1083 1055 1019 964 908 855 793 747 789 851 867 847 837 835 833 833 833 825 802 774 749 725 703 685 668 648 627 607 583 560 541 523 508 499 490 485 483 483 482 483 483 483 484 483 483 483
1639 1601 1565 1540 1524 1516 1513 1510 1518 1539 1556 1573 1592 1613 1636 1659 1666 1668 1666 1657 1645 1628 1609 1590 1571 1551 1527 1501 1473 1442 1412 1391 1372 1348 1321 1293 1259 1226 1203 1192 1178 1150 1115 1073 1027 978 916 857 818 789 772 812 863 884 879 878 879 878 877 876 867 840 807 779 755 730 706 681 654 629 605 581 560 545 534 525 515 504 496 490 486 484 484 484 484 485 484 484 483
1604 1567 1533 1517 1518 1523 1535 1550 1571 1613 1646 1645 1638 1647 1664 1680 1683 1682 1678 1669 1657 1644 1629 1611 1592 1571 1548 1523 1496 1467 1439 1417 1397 1373 1344 1314 1278 1242 1213 1191 1168 1142 1115 1066 999 938 873 812 786 801 818 846 875 898 909 916 921 922 921 920 911 877 837 807 784 759 726 691 659 627 599 577 559 548 548 547 534 520 509 499 490 487 486 486 486 486 485 484 484
1579 1556 1537 1536 1549 1563 1583 1604 1629 1670 1705 1695 1679 1680 1690 1696 1697 1693 1687 1679 1669 1657 1644 1629 1610 1590 1568 1543 1516 1488 1462 1440 1419 1396 1368 1335 1296 1256 1222 1192 1161 1129 1096 1040 968 907 853 804 787 814 846 874 902 932 950 956 963 965 963 959 946 911 869 835 810 782 743 703 668 634 605 584 567 558 559 558 546 533 521 508 497 493 490 489 489 488 487 485 485
1565 1566 1575 1590 1614 1638 1656 1673 1692 1712 1729 1721 1709 1706 1708 1708 1706 1701 1694 1688 1680 1669 1657 1642 1625 1607 1584 1560 1534 1507 1482 1459 1434 1411 1388 1357 1315 1271 1230 1192 1154 1109 1060 999 932 878 847 830 825 843 869 901 932 967 993 1004 1013 1016 1010 992 970 937 901 865 833 800 760 719 682 650 623 602 585 573 566 559 552 545 533 516 503 497 494 492 491 490 488 487 486
1570 1592 1623 1652 1684 1715 1729 1741 1753 1758 1757 1750 1739 1729 1724 1722 1717 1711 1703 1697 1689 1679 1667 1653 1638 1620 1598 1574 1548 1523 1499 1475 1448 1424 1403 1373 1327 1279 1230 1183 1138 1082 1022 963 903 851 841 849 862 878 905 939 971 1004 1038 1059 1066 1067 1056 1027 995 966 933 896 858 821 779 736 699 669 643 621 602 589 576 564 559 555 542 522 507 501 498 495 494 492 490 488 487
1614 1642 1677 1708 1739 1767 1782 1793 1802 1803 1801 1791 1779 1768 1760 1753 1743 1731 1719 1707 1695 1684 1673 1660 1644 1626 1606 1583 1559 1534 1510 1490 1466 1441 1412 1374 1322 1265 1210 1156 1102 1041 980 923 868 827 838 867 891 911 943 989 1035 1073 1099 1113 1112 1103 1088 1064 1037 1007 973 933 893 852 805 760 721 688 660 640 624 609 592 577 565 554 539 523 511 505 501 498 496 494 491 489 488
1670 1701 1735 1765 1791 1813 1828 1840 1846 1845 1840 1830 1819 1807 1796 1786 1770 1752 1735 1718 1700 1689 1678 1665 1649 1631 1612 1592 1568 1543 1519 1502 1483 1456 1418 1371 1311 1245 1183 1124 1064 1000 940 887 834 801 835 891 926 945 978 1040 1106 1149 1164 1169 1159 1138 1119 1104 1082 1051 1014 971 927 883 831 782 741 706 674 658 646 630 610 591 571 552 536 525 515 509 505 501 499 496 493 491 489
1729 1760 1793 1821 1842 1857 1869 1877 1878 1873 1865 1855 1844 1831 1818 1805 1787 1768 1749 1729 1709 1697 1686 1674 1659 1643 1625 1605 1582 1557 1532 1515 1497 1465 1420 1369 1300 1228 1160 1097 1033 965 906 856 817 802 846 909 953 979 1014 1086 1162 1208 1224 1231 1217 1191 1166 1149 1123 1088 1048 1001 950 897 845 797 757 721 691 676 664 646 623 603 580 558 542 531 521 515 510 507 503 499 495 492 489
1785 1817 1849 1873 1886 1895 1901 1903 1898 1889 1879 1867 1854 1840 1825 1811 1796 1781 1763 1740 1719 1707 1696 1685 1675 1661 1643 1621 1596 1571 1544 1527 1510 1475 1420 1361 1288 1211 1141 1074 1007 935 872 833 826 838 874 920 966 1005 1049 1126 1205 1256 1284 1298 1282 1253 1225 1197 1162 1124 1079 1024 956 891 844 806 769 736 709 691 676 657 635 615 593 571 555 543 533 525 519 515 509 503 498 494 490
1843 1875 1904 1921 1926 1928 1927 1924 1914 1900 1885 1871 1857 1843 1827 1811 1800 1790 1773 1749 1728 1716 1706 1697 1689 1677 1656 1631 1603 1573 1544 1525 1508 1469 1408 1340 1268 1192 1119 1049 985 913 850 821 839 872 903 941 988 1034 1085 1165 1246 1304 1339 1355 1338 1309 1278 1243 1202 1159 1110 1045 964 888 846 815 781 750 726 706 689 670 650 628 607 586 570 560 550 541 534 527 520 512 505 499 494
1900 1929 1953 1963 1966 1965 1955 1941 1923 1903 1882 1867 1852 1838 1824 1810 1801 1792 1779 1761 1744 1731 1719 1709 1699 1683 1654 1618 1579 1539 1499 1469 1439 1399 1346 1290 1225 1159 1095 1038 987 914 850 829 854 893 931 975 1028 1082 1139 1212 1282 1334 1368 1385 1374 1350 1321 1284 1240 1192 1138 1069 989 915 866 828 794 765 741 721 702 682 661 641 625 610 597 585 574 565 557 550 543 535 522 509 500
1954 1979 1995 2000 2002 2000 1979 1952 1929 1903 1878 1861 1846 1832 1820 1809 1801 1794 1784 1774 1761 1746 1731 1720 1708 1690 1651 1603 1554 1502 1451 1409 1362 1320 1280 1233 1177 1122 1068 1030 994 918 850 836 872 918 962 1011 1069 1134 1199 1260 1311 1357 1390 1406 1402 1387 1361 1322 1276 1225 1166 1094 1019 947 891 844 809 783 760 739 718 696 675 656 645 638 628 614 601 592 585 578 572 563 544 523 510
2003 2020 2026 2022 2018 2009 1988 1961 1935 1907 1879 1862 1847 1834 1822 1810 1804 1798 1791 1783 1774 1760 1746 1733 1721 1701 1654 1601 1548 1491 1438 1386 1332 1282 1241 1193 1137 1083 1032 998 967 905 851 852 896 948 994 1045 1105 1176 1247 1299 1343 1382 1413 1429 1430 1420 1396 1359 1314 1259 1196 1121 1043 971 914 866 833 809 787 764 742 720 697 677 670 666 656 642 629 620 613 605 598 589 569 546 531
2052 2057 2045 2030 2013 1994 1983 1968 1945 1918 1890 1873 1860 1847 1828 1812 1809 1807 1800 1792 1783 1772 1758 1746 1737 1717 1668 1614 1563 1509 1457 1401 1342 1284 1232 1176 1111 1046 989 940 903 874 863 880 923 975 1022 1076 1139 1210 1282 1333 1374 1409 1434 1449 1454 1447 1428 1399 1358 1297 1226 1147 1063 986 934 892 862 843 826 801 776 752 724 699 695 694 685 669 655 647 640 631 622 612 595 577 562
2092 2088 2063 2041 2015 1990 1984 1979 1959 1934 1909 1892 1880 1864 1840 1820 1817 1817 1811 1802 1792 1782 1768 1755 1746 1724 1676 1622 1573 1523 1473 1414 1352 1289 1228 1163 1086 1012 950 893 850 852 873 903 947 1003 1051 1106 1170 1242 1313 1362 1402 1433 1454 1468 1476 1474 1459 1435 1397 1329 1253 1171 1084 1006 957 919 891 877 865 838 812 785 753 726 723 726 717 699 682 673 666 658 648 636 622 607 591
2123 2123 2103 2086 2066 2044 2035 2025 2001 1964 1931 1914 1900 1883 1867 1852 1843 1835 1826 1815 1804 1792 1774 1749 1722 1686 1634 1581 1540 1507 1473 1414 1348 1280 1210 1136 1055 979 919 869 838 854 890 929 978 1034 1076 1124 1188 1268 1345 1390 1424 1452 1475 1489 1499 1499 1485 1459 1416 1348 1271 1192 1111 1040 991 953 921 899 880 858 837 815 790 769 761 755 745 729 713 702 692 681 670 658 644 630 613
2151 2153 2138 2124 2111 2097 2084 2072 2045 1992 1948 1934 1921 1906 1899 1889 1871 1854 1842 1828 1814 1800 1776 1739 1690 1635 1578 1523 1487 1479 1463 1403 1332 1261 1185 1106 1024 950 895 853 833 864 915 962 1011 1065 1100 1137 1200 1293 1378 1416 1440 1468 1493 1510 1521 1523 1510 1480 1433 1364 1287 1211 1139 1075 1027 988 953 919 892 875 862 846 830 816 801 786 773 760 745 732 718 705 693 680 666 653 636
2157 2153 2134 2117 2106 2095 2084 2075 2056 2014 1979 1966 1953 1938 1929 1916 1893 1871 1856 1842 1826 1806 1778 1728 1660 1590 1526 1467 1431 1426 1412 1359 1293 1225 1147 1068 989 921 873 846 843 884 943 996 1045 1095 1128 1160 1219 1308 1389 1428 1454 1484 1511 1530 1544 1547 1534 1503 1454 1382 1303 1229 1164 1107 1059 1019 984 947 918 902 891 876 865 856 841 824 810 797 783 768 751 732 716 698 684 672 661
